1,2,3,4,5,6,7,8,9,10,11,12,13,14,15,16,17,18,19,20,21,22,23,24
-4.098873,4.1180267,7.345411,326.91998,-28.89,-24.49,-0.44289476,0.3289771,0.59301054,20.8125,8.625,-23.375,-4.0664,4.3122,7.8127,-0.1595,-0.1617,-0.3845,34.124527,108.834654,87.0,0.0,VIBRATE_MODE,Peace
-3.4380736,5.3342814,7.3549876,316.19998,-36.0,-22.84,-0.0649437,0.028745573,0.10007718,24.5,3.9375,-22.25,-3.8086,5.311,7.3114,-0.0808,-0.19739999,0.1304,34.124527,108.834654,87.0,0.0,VIBRATE_MODE,Peace
-3.8019924,4.8745947,8.073248,317.41,-34.969997,-22.039999,-0.17886133,0.27680922,0.03726278,23.875,4.6875,-23.125,-3.6806,5.2099,7.4484,0.1555,-0.225,-0.0047999998,34.124527,108.834654,88.0,0.0,VIBRATE_MODE,Peace
-3.667917,5.0661306,7.067683,316.49,-34.41,-22.91,-0.020228365,0.015969763,-0.008517207,23.0,4.625,-22.375,-3.8181999,5.1049,7.4519,0.0953,-0.0036,-0.175,34.124527,108.834654,90.0,0.1000,VIBRATE_MODE,Peace
-3.7732618,4.865018,7.2687964,316.9,-33.42,-23.09,-0.021293016,-0.0021293017,-0.018099064,23.5,6.25,-22.5,-3.8456,4.9667,7.5308,0.14199999,-0.0042999997,-0.24309999,34.124527,108.834654,92.0,0.0,VIBRATE_MODE,Peace
-3.86903,4.7022123,7.479486,317.52,-32.719997,-23.33,-0.029810224,0.0628144,0.017034413,23.625,5.6875,-21.9375,-3.8844,4.8677998,7.5751996,-0.1039,-0.1616,0.124699995,34.124527,108.834654,92.0,6.0,VIBRATE_MODE,Peace
-3.8881836,4.673482,7.479486,317.71,-32.239998,-23.59,0.010646508,-0.011711159,-0.007452556,23.9375,6.3125,-21.9375,-3.9246998,4.7946,7.6011,0.082899995,-0.0206,-0.0479,34.124527,108.834654,94.0,0.0,VIBRATE_MODE,Peace
-3.8498764,4.711789,7.441179,318.21,-32.64,-23.029999,0.010646508,0.017034413,-0.009581857,23.625,5.875,-21.9375,-3.8372,4.8684998,7.5987997,-0.032899998,-0.0642,0.023,34.124527,108.834654,94.0,0.0,VIBRATE_MODE,Peace
-3.8498764,4.6160207,7.5944076,318.38998,-31.74,-23.189999,-0.009581857,-0.005323254,-0.007452556,23.125,6.875,-21.9375,-3.8629,4.7429,7.665,0.0316,-0.057699997,0.036,34.124527,108.834654,94.0,0.0,VIBRATE_MODE,Peace
-3.5913026,4.8841715,7.4124484,317.87,-33.11,-22.38,-0.04045673,-0.0021293017,-0.006387905,23.5625,4.8125,-22.9375,-3.7347999,4.9537,7.5948,0.052199997,-0.0405,-0.1495,34.124527,108.834654,91.0,0.1000,VIBRATE_MODE,Peace
-3.6391866,4.8745947,7.52737,317.78998,-33.63,-21.73,-0.017034413,-0.009581857,-0.02555162,22.625,4.75,-22.5625,-3.6322,5.0462,7.5836997,-1.0E-4,-0.1025,-0.0208,34.124527,108.834654,54.0,0.0,VIBRATE_MODE,Peace
-3.514688,4.8937483,7.441179,319.07,-32.899998,-21.58,0.0010646508,-0.009581857,0.0042586033,22.625,5.75,-24.9375,-3.6076999,4.9535,7.6561,-0.0243,-0.0207,-0.043399997,34.124527,108.834654,54.0,0.0,VIBRATE_MODE,Peace
-3.6008794,4.7788267,7.5848308,319.22998,-32.67,-21.74,0.0031939526,-0.006387905,0.0,22.5,5.9375,-23.125,-3.6332,4.9174,7.6672997,-0.0089,-0.0635,-0.0053999997,34.124527,108.834654,54.0,0.0,VIBRATE_MODE,Peace
-2.0494366,8.1881695,4.2042184,352.00998,-64.979996,-11.599999,-0.1990897,-0.22357668,-0.21505947,7.0625,-16.5,-29.6875,-1.9724,8.7052,4.0618,-0.0907,-0.3543,0.1248,34.124527,108.834654,63.0,0.0,VIBRATE_MODE,Peace
2.7868507,6.9527617,4.9799395,284.13998,-59.289997,4.46,-0.48867473,1.4010805,1.2158313,18.6875,-24.625,-19.25,0.7637,8.406099,4.9923,1.5596,-1.3337,0.1174,34.124527,108.834654,35.0,1.1,VIBRATE_MODE,Peace
-15.763424,-5.056554,11.18571,34.66,-13.809999,-38.19,0.23848179,0.5259375,1.238189,6.75,8.75,-31.4375,-5.8441997,1.9444,7.6310997,-10.9258995,-7.2071,4.0313997,34.124527,108.834654,92.0,0.0,VIBRATE_MODE,Peace
-1.2449849,8.24563,7.5944076,288.99,-51.309998,8.66,0.64837235,-0.6558249,-1.7588031,19.5625,-19.1875,-23.125,1.4779999,7.5677,6.0592,-2.2547,0.8382,1.2892,34.124527,108.834654,85.0,0.0,VIBRATE_MODE,Peace
-0.22984336,7.0581064,3.8594532,291.22,-72.13,-0.51,-1.6534028,-1.1306592,-0.51848495,22.1875,-23.375,-17.0,-0.0887,9.3331995,3.0089,0.84279996,-1.3671,-0.394,34.124527,108.834654,91.0,0.0,VIBRATE_MODE,Peace
0.17238252,7.2592196,6.0716953,290.71,-51.39,3.22,0.08197811,0.02555162,-0.5078384,20.625,-17.8125,-23.9375,0.5514,7.6513,6.1092,-0.32909998,-0.3132,-0.0251,34.124527,108.834654,86.0,0.0,VIBRATE_MODE,Peace
-4.8267107,6.196194,6.157887,311.53998,-45.309998,-26.96,-0.20973621,0.34175292,-0.21612412,27.8125,-1.0,-22.125,-4.4466,6.2144,6.1463,-0.7841,-0.0212,-0.21869999,34.124527,108.834654,92.0,0.0,VIBRATE_MODE,Peace
-4.2042184,5.813122,6.7803793,311.87,-42.91,-28.09,-0.28106782,0.006387905,-0.070266955,28.5,1.25,-21.8125,-4.6424,5.9403,6.2713,0.3311,-0.054399997,0.1971,34.124527,108.834654,99.0,1.0,VIBRATE_MODE,Peace
-4.807557,5.449203,6.5601125,311.36,-41.309998,-30.109999,-0.045779984,-0.058555797,-0.023422318,28.25,2.875,-20.875,-4.9203997,5.6,6.3717,0.0174,-0.0711,0.2156,34.124527,108.834654,99.0,0.0,VIBRATE_MODE,Peace
-4.960786,6.0525417,5.4683566,308.43,-47.12,-30.779999,0.044715334,0.103271134,0.019163715,30.3125,0.3125,-19.75,-5.0197997,6.174,5.7317,0.0274,-0.059699997,-0.2306,34.124527,108.834654,94.0,1.2,VIBRATE_MODE,Peace
-4.261679,4.9224787,6.3111157,322.94998,-36.55,-25.01,-0.33110642,-0.93156946,-0.28852037,24.5,4.875,-25.1875,-4.2441,5.3626,7.0284996,-0.0721,-0.219,-0.649,34.124527,108.834654,63.0,0.0,VIBRATE_MODE,Peace
-5.257667,6.483498,3.9360676,306.47998,-54.57,-36.01,0.0021293017,0.034068827,0.0628144,30.875,0.5625,-14.4375,-5.7669,6.4635,4.5972,0.3929,0.0954,-0.69839996,34.124527,108.834654,100.0,0.0,VIBRATE_MODE,Peace
0.38307226,4.817134,8.303091,312.91998,-30.34,1.4,0.017034413,-0.006387905,0.04152138,15.0,1.0,-29.25,0.24069999,4.9522,8.460899,-0.0515,-0.029299999,0.1322,34.124527,108.834654,98.0,0.0,VIBRATE_MODE,Peace
0.22984336,5.0374002,8.264784,313.55,-31.55,1.9699999,-0.018099064,0.0010646508,-0.046844635,14.25,-0.5,-29.125,0.35079998,5.132,8.3492,0.055299997,-0.030399999,-0.12019999,34.124527,108.834654,97.0,0.0,VIBRATE_MODE,Peace
0.2681506,5.0661306,8.274361,313.71,-31.679998,1.88,0.006387905,-0.0031939526,-0.008517207,14.25,-1.9375,-29.0,0.3251,5.1479,8.3404,0.0219,-0.046099998,-0.0233,34.124527,108.834654,97.0,0.1000,VIBRATE_MODE,Peace
0.32561144,5.085284,8.322245,314.82,-31.74,2.03,0.0,0.007452556,0.0010646508,14.0,-0.625,-29.125,0.3484,5.1569,8.3338995,-0.0207,-0.0256,0.061499998,34.124527,108.834654,98.0,0.0,VIBRATE_MODE,Peace
0.33518824,5.00867,8.1881695,314.82,-31.65,1.93,0.009581857,-0.006387905,0.007452556,14.125,-1.1875,-28.75,0.33139998,5.1433997,8.342899,-0.0332,-0.031799998,-0.065,34.124527,108.834654,96.0,0.0,VIBRATE_MODE,Peace
0.2777274,5.104438,8.130709,314.82,-31.689999,1.86,0.015969763,0.013840461,-0.007452556,14.125,-1.5,-29.1875,0.3187,5.1496997,8.339499,0.0184,-0.0381,-0.100899994,34.124527,108.834654,97.0,0.0,VIBRATE_MODE,Peace
0.29688102,5.0757074,8.149862,314.82,-31.769999,1.8399999,0.022357667,-0.0021293017,-0.005323254,14.3125,-0.3125,-29.0,0.3164,5.1612997,8.332399,0.030499998,-0.0201,-0.0252,34.124527,108.834654,97.0,0.0,VIBRATE_MODE,Peace
0.38307226,5.056554,8.159439,314.82,-31.72,1.9,-0.006387905,0.0010646508,0.008517207,14.125,-0.9375,-29.0,0.3184,5.1535997,8.3371,-8.0E-4,-0.012499999,-0.0691,34.124527,108.834654,97.0,0.0,VIBRATE_MODE,Peace
0.39264908,5.0661306,8.255207,314.82,-31.64,1.89,-0.009581857,-0.020228365,0.013840461,14.0625,-1.9375,-29.0,0.31669998,5.146,8.3419,7.0E-4,-0.0442,-0.0444,34.124527,108.834654,98.0,1.0,VIBRATE_MODE,Peace
0.2681506,5.0661306,8.169016,314.82,-31.689999,1.9499999,0.006387905,0.005323254,-0.023422318,14.5,-1.8125,-29.3125,0.3338,5.1495,8.3391,0.0525,-0.047599997,-0.061199997,34.124527,108.834654,97.0,1.0,VIBRATE_MODE,Peace
0.2873042,5.0757074,8.130709,314.82,-31.71,1.9499999,0.005323254,-0.011711159,-0.014905112,13.9375,-1.375,-29.1875,0.3351,5.1517,8.3377,0.012,-0.0596,-0.108799994,34.124527,108.834654,96.0,0.0,VIBRATE_MODE,Peace
0.37349546,5.0278234,8.159439,314.81,-31.48,1.9399999,0.005323254,-0.007452556,0.010646508,14.9375,-0.75,-29.6875,0.3335,5.1180997,8.358399,-0.045199998,-0.0265,-0.0999,34.124527,108.834654,97.0,0.0,VIBRATE_MODE,Peace
0.25857377,5.056554,8.207323,314.81,-31.679998,1.9499999,-0.009581857,0.006387905,0.01277581,14.125,-1.0625,-28.5625,0.3348,5.1473,8.3404,-0.075899996,-0.045399997,-0.052699998,34.124527,108.834654,98.0,0.0,VIBRATE_MODE,Peace
0.34476504,5.1235914,8.2169,314.19998,-32.18,1.9,0.0010646508,0.021293016,0.010646508,14.375,-0.9375,-29.125,0.3275,5.2207,8.2949,0.0686,-0.069,-0.0176,34.124527,108.834654,97.0,0.0,VIBRATE_MODE,Peace
0.2873042,5.085284,8.169016,313.28998,-32.219997,1.23,0.005323254,0.0,-0.008517207,15.5,-2.0625,-28.875,0.212,5.2283998,8.293799,0.0748,-0.057,-0.0165,34.124527,108.834654,96.0,0.0,VIBRATE_MODE,Peace
0.2777274,5.161899,8.1402855,313.13,-32.48,1.36,-0.0031939526,-0.006387905,0.006387905,14.25,-1.5,-29.3125,0.22819999,5.2651,8.2701,-0.009699999,-0.0148,-0.0911,34.124527,108.834654,94.0,1.0,VIBRATE_MODE,Peace
0.2873042,5.171476,8.0924015,313.13998,-32.64,1.41,0.011711159,0.0,0.014905112,14.625,-2.375,-29.625,0.24159999,5.2876997,8.2553,-0.0426,-0.0077,0.0313,34.124527,108.834654,93.0,0.0,VIBRATE_MODE,Peace
3.1124623,4.2042184,8.360553,307.11,-29.449999,17.14,0.44289476,-0.5025152,-0.51529104,5.0,-2.625,-28.5,2.8902,4.6087,8.1594,0.6744,-0.3272,0.59679997,34.124527,108.834654,111.0,0.0,VIBRATE_MODE,Peace
3.169923,5.889736,5.104438,315.8,-38.329998,19.85,-0.21186551,0.26722735,0.13095206,0.3125,-5.875,-28.0625,3.3532999,5.7584996,7.1947,-0.3322,0.2331,-1.3625,34.124527,108.834654,111.0,0.0,VIBRATE_MODE,Peace
-1.1492168,4.357447,8.743625,30.84,-27.68,-7.7599998,0.010646508,-0.033004176,0.04045673,-21.625,28.6875,-21.875,-1.3247,4.515,8.604,0.0568,-0.1512,0.14209999,34.124365,108.834823,45.0,0.0,VIBRATE_MODE,Depressed
-1.5514427,3.964798,8.418014,30.3,-23.869999,-8.71,0.0,0.07771951,0.006387905,-21.3125,32.1875,-21.6875,-1.4861,3.9232,8.8639,0.0805,0.1548,0.13769999,34.124365,108.834823,47.0,0.0,VIBRATE_MODE,Depressed
-1.3694834,3.074155,8.896853,29.58,-20.48,-7.1,-0.09581858,-0.06600835,0.07346091,-21.375,34.5625,-22.625,-1.2132,3.4055,9.1159,-0.0936,-0.113,-0.20189999,34.124365,108.834823,52.0,1.1,VIBRATE_MODE,Depressed
0.8523358,2.777274,9.758766,36.23,-17.88,3.84,-0.21186551,-0.23848179,-0.01277581,-30.625,35.4375,-26.375,0.65709996,3.0040998,9.311999,0.1484,-0.19309999,0.22999999,34.124365,108.834823,72.0,0.0,VIBRATE_MODE,Depressed
-1.5227122,-0.4213795,9.940725,15.78,4.64,-7.5699997,-0.21293017,-0.017034413,-0.072396256,-18.1875,36.6875,-8.5625,-1.2972,-0.7446,9.6918,-0.24509999,0.1547,0.4001,34.124365,108.834823,155.0,0.0,VIBRATE_MODE,Depressed
-2.0973208,-0.46926352,9.873688,24.99,4.0499997,-11.05,0.09901253,0.16395622,0.16715018,-15.75,34.0,-7.875,-1.8798,-0.6807,9.600599,-0.262,0.6793,0.2263,34.124365,108.834823,191.0,0.0,VIBRATE_MODE,Depressed
0.2681506,0.0,9.720459,25.849998,-0.42999998,-0.71999997,0.0031939526,0.009581857,0.11178834,-19.125,31.125,-12.375,-0.124,0.0736,9.8055,0.33949998,0.49519998,0.0022,34.124365,108.834823,177.0,0.0,VIBRATE_MODE,Depressed
-0.095768064,-0.08619126,9.730036,33.39,0.26999998,-0.52,0.0,0.0021293017,-0.0010646508,-20.6875,30.75,-13.25,-0.089099996,-0.0464,9.8061,7.0E-4,-0.0222,-0.0668,34.124365,108.834823,146.0,0.0,VIBRATE_MODE,Depressed
-0.12449849,-0.05746084,9.768343,33.92,0.38,-0.62,-0.0010646508,0.0021293017,-0.0010646508,-20.9375,32.25,-12.8125,-0.1078,-0.0664,9.8057995,-2.9999999E-4,-0.031799998,-0.0099,34.124365,108.834823,148.0,1.2,VIBRATE_MODE,Depressed
-0.12449849,-0.08619126,9.720459,33.93,0.41,-0.65999997,-0.0021293017,0.0010646508,-0.0010646508,-20.8125,31.375,-12.4375,-0.1134,-0.0709,9.805699,-0.0049,-0.0276,0.029399998,34.124365,108.834823,148.0,0.0,VIBRATE_MODE,Depressed
-0.10534488,-0.08619126,9.739613,33.92,0.42,-0.61,0.0,0.0010646508,-0.0010646508,-20.6875,31.0625,-12.125,-0.1047,-0.0727,9.8057995,-0.0034999999,0.013499999,-0.0391,34.124365,108.834823,146.0,0.0,VIBRATE_MODE,Depressed
-0.095768064,-0.05746084,9.768343,33.93,0.44,-0.58,-0.0021293017,0.0021293017,-0.0010646508,-20.8125,31.0625,-12.5625,-0.0997,-0.0761,9.8057995,-0.0184,0.0267,0.0094,34.124365,108.834823,148.0,0.0,VIBRATE_MODE,Depressed
-0.10534488,-0.08619126,9.749189,33.93,0.41,-0.59,-0.0010646508,0.0021293017,-0.0021293017,-21.5,31.625,-12.6875,-0.100999996,-0.0716,9.8057995,0.0122,0.0123,-0.029399998,34.124365,108.834823,146.0,0.0,VIBRATE_MODE,Depressed
-0.095768064,-0.08619126,9.730036,33.93,0.39,-0.62,-0.0021293017,0.0021293017,-0.0010646508,-20.9375,31.0625,-12.6875,-0.1064,-0.0657,9.8057995,0.017199999,-0.023,0.0389,34.124365,108.834823,148.0,0.0,VIBRATE_MODE,Depressed
-0.095768064,-0.06703765,9.758766,33.93,0.41,-0.61,-0.0010646508,0.0021293017,0.0010646508,-20.3125,30.3125,-13.0,-0.1051,-0.070999995,9.8057995,-0.0133,-0.0177,0.0099,34.124365,108.834823,146.0,0.0,VIBRATE_MODE,Depressed
-0.1340753,-0.08619126,9.758766,33.93,0.39,-0.63,-0.0021293017,0.0021293017,-0.0021293017,-21.5,31.1875,-12.6875,-0.107999995,-0.0669,9.8057995,-1.0E-4,0.037299998,-0.0197,34.124365,108.834823,148.0,1.0,VIBRATE_MODE,Depressed
-0.11492168,-0.08619126,9.749189,33.93,0.35,-0.61,0.0,0.0021293017,-0.0010646508,-21.375,30.875,-13.125,-0.1048,-0.0609,9.8059,0.0061,0.0115,0.0,34.124365,108.834823,148.0,1.0,VIBRATE_MODE,Depressed
-0.11492168,-0.06703765,9.739613,33.93,0.39999998,-0.59999996,-0.0010646508,0.0,-0.0010646508,-21.5,31.0625,-12.3125,-0.103999995,-0.0696,9.8057995,-0.0045,4.9999997E-4,-7.0E-4,34.124365,108.834823,150.0,0.0,VIBRATE_MODE,Depressed
-2.2026656,2.5091233,8.073248,40.39,-15.11,-11.69,0.8197811,-0.054297194,-0.21718878,-15.3125,34.3125,-15.125,-1.9875,2.5040998,9.2708,-0.37,-0.21159999,-1.3708999,34.124365,108.834823,154.0,0.0,VIBRATE_MODE,Depressed
-2.4229321,3.5625722,8.647857,28.439999,-22.97,-15.389999,0.17353809,-0.07878416,-0.021293016,-14.75,31.9375,-18.4375,-2.6035,3.6908998,8.7045,0.5457,0.2965,0.7703,34.124365,108.834823,52.0,0.0,VIBRATE_MODE,Depressed

-0.6703765,3.466804,8.082825,340.31,-32.37,-6.44,0.042586032,-0.26935667,0.23528783,15.625,8.4375,-44.625,-1.1946,5.2890997,8.1711,0.46629998,-1.6252999,0.0139999995,34.125179,108.834471,9860.0,1.0,VIBRATE_MODE,Depressed

-0.94810385,3.8307228,7.785944,340.03998,-32.52,-6.19,0.10007718,-0.1320167,0.26722735,15.75,8.1875,-44.375,-1.1015999,5.2177997,8.2298,0.2762,-1.6625999,-0.1617,34.125179,108.834471,9757.0,1.0,VIBRATE_MODE,Depressed
-0.8714894,3.916914,7.297527,340.03998,-32.52,-6.19,0.033004176,0.20867157,0.2949083,15.75,8.1875,-44.375,-1.1015999,5.2177997,8.2298,0.2762,-1.6625999,-0.1617,34.125179,108.834471,9757.0,1.0,VIBRATE_MODE,Depressed

-0.8714894,3.916914,7.297527,340.03998,-32.52,-6.19,0.033004176,0.20867157,0.2949083,15.75,8.1875,-44.375,-1.1015999,5.2177997,8.2298,0.2762,-1.6625999,-0.1617,34.125179,108.834471,9757.0,1.0,VIBRATE_MODE,Depressed
-0.8714894,3.916914,7.297527,340.03998,-32.52,-6.19,0.033004176,0.20867157,0.2949083,15.75,8.1875,-44.375,-1.1015999,5.2177997,8.2298,0.2762,-1.6625999,-0.1617,34.125179,108.834471,9757.0,1.0,VIBRATE_MODE,Depressed

-0.8714894,3.916914,7.297527,340.03998,-32.52,-6.19,0.033004176,0.20867157,0.2949083,15.75,8.1875,-44.375,-1.1015999,5.2177997,8.2298,0.2762,-1.6625999,-0.1617,34.125179,108.834471,9757.0,1.0,VIBRATE_MODE,Depressed

-0.8714894,3.916914,7.297527,340.03998,-32.52,-6.19,0.033004176,0.20867157,0.2949083,15.75,8.1875,-44.375,-1.1015999,5.2177997,8.2298,0.2762,-1.6625999,-0.1617,34.125179,108.834471,9757.0,1.0,VIBRATE_MODE,Depressed

-0.8714894,3.916914,7.297527,340.03998,-32.52,-6.19,0.033004176,0.20867157,0.2949083,15.75,8.1875,-44.375,-1.1015999,5.2177997,8.2298,0.2762,-1.6625999,-0.1617,34.125179,108.834471,9757.0,1.0,VIBRATE_MODE,Depressed

-0.8714894,3.916914,7.297527,340.03998,-32.52,-6.19,0.033004176,0.20867157,0.2949083,15.75,8.1875,-44.375,-1.1015999,5.2177997,8.2298,0.2762,-1.6625999,-0.1617,34.125179,108.834471,9757.0,1.0,VIBRATE_MODE,Depressed

-0.8714894,3.916914,7.297527,340.03998,-32.52,-6.19,0.033004176,0.20867157,0.2949083,15.75,8.1875,-44.375,-1.1015999,5.2177997,8.2298,0.2762,-1.6625999,-0.1617,34.125179,108.834471,9757.0,1.0,VIBRATE_MODE,Depressed

-1.283292,4.4915223,6.0525417,338.3,-32.559998,-6.92,0.17779669,0.0021293017,0.37156314,15.125,6.5625,-44.4375,-1.1868,5.2079,8.2242,-0.37489998,-1.3586,-1.4114,34.125179,108.834471,9757.0,1.0,VIBRATE_MODE,Depressed

-1.283292,4.4915223,6.0525417,338.03998,-33.14,-6.91,0.17779669,0.0021293017,0.37156314,15.125,6.25,-44.4375,-1.1819999,5.2405,8.2042,-0.3698,-1.0673,-1.8916999,34.125179,108.834471,9757.0,1.0,VIBRATE_MODE,Depressed

-1.283292,4.4915223,6.0525417,338.03998,-33.14,-6.91,0.17779669,0.0021293017,0.37156314,15.125,6.25,-44.4375,-1.1819999,5.2405,8.2042,-0.3698,-1.0673,-1.8916999,34.125179,108.834471,9757.0,1.0,VIBRATE_MODE,Depressed

-1.043872,5.0278234,6.2249246,337.97998,-33.21,-6.5099998,0.053232543,-0.21825342,0.25764552,15.375,6.25,-44.4375,-1.1798999,5.3229,8.151299,-0.0581,-0.6094,-2.0551,34.125179,108.834471,9757.0,1.0,VIBRATE_MODE,Depressed

-0.93852705,4.9703627,6.981492,338.07,-33.079998,-6.21,-0.16502088,-0.29064968,0.11391764,15.375,5.9375,-44.125,-1.1128,5.3366,8.1518,0.1598,-0.1915,-1.6927999,34.125179,108.834471,9757.0,1.0,VIBRATE_MODE,Depressed

-1.3982137,4.606444,7.5848308,338.11,-32.75,-6.06,-0.27787387,-0.11711159,0.05110324,15.375,6.375,-44.25,-1.0617,5.3210998,8.1687,0.021,-0.41149998,-0.8857,34.125179,108.834471,9757.0,1.0,VIBRATE_MODE,Depressed

-1.8100165,4.5298295,7.824251,338.13,-32.37,-6.41,-0.26616272,0.020228365,0.1298874,15.6875,6.4375,-43.8125,-1.0364,5.2766,8.2008,-0.4649,-0.67149997,-0.44669998,34.125179,108.834471,9757.0,1.0,VIBRATE_MODE,Depressed

-1.8100165,4.5298295,7.824251,338.13,-32.37,-6.41,-0.26616272,0.020228365,0.1298874,15.6875,6.4375,-43.8125,-1.0364,5.2766,8.2008,-0.4649,-0.67149997,-0.44669998,34.125179,108.834471,9757.0,1.0,VIBRATE_MODE,Depressed

-1.7717092,4.8937483,7.881712,338.13,-32.37,-6.41,-0.16395622,0.070266955,0.22464132,15.6875,6.4375,-43.8125,-1.0952,5.2177,8.2307,-0.76949996,-0.5642,-0.30969998,34.125179,108.834471,9757.0,1.0,VIBRATE_MODE,Depressed
-1.4652514,5.583278,7.7189064,337.86,-32.21,-6.3399997,-0.06174975,0.09155997,0.2512576,15.6875,6.6875,-43.9375,-1.0952,5.2177,8.2307,-0.76949996,-0.5642,-0.30969998,34.125179,108.834471,9757.0,1.0,VIBRATE_MODE,Depressed

-1.4652514,5.583278,7.7189064,337.65,-32.48,-6.47,-0.06174975,0.09155997,0.2512576,15.5625,7.0,-44.125,-1.0833,5.1958,8.2462,-0.56549996,-0.0717,-0.30539998,34.125179,108.834471,9757.0,1.0,VIBRATE_MODE,Depressed

-1.4652514,5.583278,7.7189064,337.65,-32.48,-6.47,-0.06174975,0.09155997,0.2512576,15.5625,7.0,-44.125,-1.0833,5.1958,8.2462,-0.56549996,-0.0717,-0.30539998,34.125179,108.834471,9757.0,1.0,VIBRATE_MODE,Depressed

-1.3599066,6.081272,7.6614456,337.49,-32.44,-6.35,-0.05003859,0.0021293017,0.18524924,15.8125,7.1875,-43.9375,-1.1056,5.2334,8.219399,-0.3376,0.5578,-0.475,34.125179,108.834471,9757.0,1.0,VIBRATE_MODE,Depressed

-1.1779473,6.1866174,7.632715,337.46,-32.7,-6.24,-0.15330972,-0.07665486,0.11711159,15.6875,7.1875,-44.125,-1.0849999,5.2289,8.224999,-0.2403,0.92499995,-0.4903,34.125179,108.834471,9757.0,1.0,VIBRATE_MODE,Depressed

-0.80445176,6.5026517,7.9966335,337.53998,-32.329998,-6.12,-0.31300735,-0.084107414,0.027680922,15.5625,7.125,-44.5625,-1.067,5.2665,8.2032995,-0.022699999,1.0056,-0.4199,34.125179,108.834471,9757.0,1.0,VIBRATE_MODE,Depressed

-0.80445176,6.5026517,7.9966335,337.53998,-32.329998,-6.12,-0.31300735,-0.084107414,0.027680922,15.5625,7.125,-44.5625,-1.067,5.2665,8.2032995,-0.022699999,1.0056,-0.4199,34.125179,108.834471,9757.0,1.0,VIBRATE_MODE,Depressed

-0.51714754,6.196194,8.446744,337.53998,-32.329998,-6.12,-0.44928265,-0.11711159,-0.09688323,15.5625,7.125,-44.5625,-1.067,5.2665,8.2032995,-0.022699999,1.0056,-0.4199,34.125179,108.834471,9757.0,1.0,VIBRATE_MODE,Depressed

-0.48841715,5.861006,9.279925,337.88,-31.42,-5.77,-0.48654544,-0.201219,-0.1820553,15.875,7.3125,-44.125,-0.9981,5.1703997,8.2727995,0.47779998,0.9633,0.384,34.125179,108.834471,9757.0,1.0,VIBRATE_MODE,Depressed

-0.48841715,5.861006,9.279925,337.88,-31.42,-5.77,-0.48654544,-0.201219,-0.1820553,15.875,7.3125,-44.125,-0.9981,5.1703997,8.2727995,0.47779998,0.9633,0.384,34.125179,108.834471,9757.0,1.0,VIBRATE_MODE,Depressed

-0.2681506,5.2002063,10.419566,338.16,-30.699999,-5.24,-0.15756832,-0.3119427,-0.11391764,15.6875,7.625,-43.9375,-0.98609996,5.0868998,8.3259,0.5247,0.76159996,1.3318,34.125179,108.834471,9757.0,1.0,VIBRATE_MODE,Depressed

-0.2681506,5.2002063,10.419566,338.36,-30.51,-5.0299997,-0.15756832,-0.3119427,-0.11391764,15.5625,7.875,-43.8125,-0.89589995,4.9866,8.3965,0.5336,0.3804,2.0170999,34.125179,108.834471,9441.0,1.0,VIBRATE_MODE,Depressed

-0.009576807,5.631162,9.921572,338.35,-30.51,-4.38,0.017034413,-0.268292,0.017034413,15.5,8.5,-43.625,-0.8613,4.9603,8.4156,0.60719997,0.3083,1.9883,34.125179,108.834471,9441.0,1.0,VIBRATE_MODE,Depressed

0.12449849,6.397307,9.481039,338.35,-30.51,-4.38,0.046844635,-0.2949083,0.015969763,15.5,8.5,-43.625,-0.8613,4.9603,8.4156,0.60719997,0.3083,1.9883,34.125179,108.834471,9441.0,1.0,VIBRATE_MODE,Depressed

0.50757074,6.4739213,8.762778,338.4,-30.57,-4.12,-0.027680922,-0.27148595,-0.08197811,15.375,8.75,-43.8125,-0.7495,4.9642,8.424,0.7908,0.91239995,1.4406999,34.125179,108.834471,9441.0,1.0,VIBRATE_MODE,Depressed

0.50757074,6.4739213,8.762778,338.47,-30.849998,-3.4099998,-0.027680922,-0.27148595,-0.08197811,14.5,8.875,-43.5,-0.7051,4.9747,8.421599,0.8645,1.6080999,0.98209995,34.125179,108.834471,9441.0,1.0,VIBRATE_MODE,Depressed

0.41180268,6.0621185,8.820239,338.85,-30.5,-3.35,-0.29064968,-0.25019294,-0.29597294,14.125,9.0,-43.6875,-0.5836,5.0211997,8.403299,1.1463,1.4346,0.34309998,34.125179,108.834471,9441.0,1.0,VIBRATE_MODE,Depressed

0.35434186,5.094861,10.151415,339.36,-29.519999,-2.8,-0.5110324,-0.39711475,-0.48867473,14.0,9.3125,-43.6875,-0.5746,4.97,8.434299,0.8628,0.9263,0.7734,34.125179,108.834471,9441.0,1.0,VIBRATE_MODE,Depressed

0.35434186,5.094861,10.151415,339.36,-29.519999,-2.8,-0.5110324,-0.39711475,-0.48867473,14.0,9.3125,-43.6875,-0.5746,4.97,8.434299,0.8628,0.9263,0.7734,34.125179,108.834471,9441.0,1.0,VIBRATE_MODE,Depressed

0.6895301,4.2904096,11.128249,340.09,-29.14,-2.62,-0.30661944,-0.48441613,-0.51209706,12.875,9.5625,-43.6875,-0.48,4.8272,8.522699,0.89669997,0.0576,2.0293999,34.125179,108.834471,9441.0,1.0,VIBRATE_MODE,Depressed

0.6799533,4.223372,10.505757,340.53998,-28.99,-1.99,0.25445154,-0.40882593,-0.46844637,12.3125,9.8125,-43.5625,-0.44979998,4.7711997,8.5557995,1.161,-0.5342,2.6929,34.125179,108.834471,9441.0,1.0,VIBRATE_MODE,Depressed

0.6799533,4.223372,10.505757,340.53998,-28.99,-1.99,0.25445154,-0.40882593,-0.46844637,12.3125,9.8125,-43.5625,-0.44979998,4.7711997,8.5557995,1.161,-0.5342,2.6929,34.125179,108.834471,9441.0,1.0,VIBRATE_MODE,Depressed

0.641646,4.8841715,8.293514,340.94998,-29.72,-2.1399999,0.64837235,-0.08091346,-0.39924407,12.1875,10.125,-44.125,-0.3407,4.7507,8.5723,1.004,-0.3766,1.4999,34.125179,108.834471,9441.0,1.0,VIBRATE_MODE,Depressed

0.62249243,5.305551,6.4643445,341.18,-30.849998,-2.1499999,0.46951103,0.1841846,-0.44076544,11.9375,10.0625,-44.125,-0.36749998,4.8592997,8.510099,1.0011,0.23169999,-0.7234,34.125179,108.834471,9441.0,1.0,VIBRATE_MODE,Depressed

0.30645782,5.104438,6.531382,341.72,-30.84,-2.6799998,0.011711159,0.17247343,-0.63133794,11.8125,10.375,-44.25,-0.3681,5.0253997,8.413,0.92329997,0.3419,-2.0688999,34.125179,108.834471,9441.0,1.0,VIBRATE_MODE,Depressed

-0.038307227,4.1659107,7.9870567,341.72,-30.84,-2.6799998,-0.26935667,-0.27361527,-0.86130255,11.8125,10.375,-44.25,-0.4594,5.0221,8.4105,0.67039996,-0.0175,-1.429,34.125179,108.834471,9441.0,1.0,VIBRATE_MODE,Depressed

-0.076614454,3.3039982,9.107543,342.6,-30.119999,-2.6699998,-0.20228367,-0.68350583,-0.95179784,12.5,10.25,-44.5625,-0.4594,5.0221,8.4105,0.67039996,-0.0175,-1.429,34.125179,108.834471,9441.0,1.0,VIBRATE_MODE,Depressed

-0.076614454,3.3039982,9.107543,343.75998,-29.849998,-2.61,-0.20228367,-0.68350583,-0.95179784,12.4375,10.25,-44.6875,-0.45749998,4.9167,8.4727,0.4233,-0.95269996,-0.009699999,34.125179,108.834471,9441.0,1.0,VIBRATE_MODE,Depressed

-0.038307227,3.0454245,9.3182335,344.8,-29.06,-2.28,-0.02448697,-0.58449334,-0.86981976,12.1875,9.9375,-44.375,-0.4466,4.877,8.496099,0.3733,-1.6783999,0.82989997,34.125179,108.834471,9441.0,1.0,VIBRATE_MODE,Depressed

-0.076614454,3.3135753,8.532935,345.37,-29.13,-2.6799998,0.067073,-0.085172065,-0.72396255,11.5,10.25,-44.25,-0.3904,4.7606,8.5646,0.3766,-1.6122999,0.7327,34.125179,108.834471,9441.0,1.0,VIBRATE_MODE,Depressed

-0.37349546,3.5338416,7.086837,345.69,-29.01,-3.4299998,-0.017034413,0.47483426,-0.61004496,11.0625,10.0625,-44.25,-0.4592,4.7696,8.5562,0.2877,-1.3662,-0.2591,34.125179,108.834471,9441.0,1.0,VIBRATE_MODE,Depressed

-0.6895301,3.7062242,6.6846113,345.69,-29.01,-3.4299998,-0.2640334,0.70905745,-0.55361843,11.0625,10.0625,-44.25,-0.4592,4.7696,8.5562,0.2877,-1.3662,-0.2591,34.125179,108.834471,9441.0,1.0,VIBRATE_MODE,Depressed

-0.6895301,3.7062242,6.6846113,345.8,-28.699999,-4.47,-0.2640334,0.70905745,-0.55361843,10.9375,10.375,-44.125,-0.58779997,4.7482,8.5603,0.20899999,-1.1194,-1.6851,34.125179,108.834471,9441.0,1.0,VIBRATE_MODE,Depressed

-1.1779473,3.6296098,7.1059904,346.28998,-28.22,-5.39,-0.34068826,0.34068826,-0.56426495,10.9375,10.1875,-43.875,-0.7657,4.6963997,8.5748,-0.1149,-0.9407,-1.6995,34.125179,108.834471,9441.0,1.0,VIBRATE_MODE,Depressed

-1.3120226,3.8115692,7.1059904,346.77,-27.98,-5.72,-0.17140879,0.009581857,-0.53339005,11.125,10.625,-43.8125,-0.9226,4.6173997,8.6022,-0.3127,-0.9213,-1.3736,34.125179,108.834471,9814.0,1.0,VIBRATE_MODE,Depressed

-1.3120226,3.8115692,7.1059904,346.77,-27.98,-5.72,-0.17140879,0.009581857,-0.53339005,11.125,10.625,-43.8125,-0.9226,4.6173997,8.6022,-0.3127,-0.9213,-1.3736,34.125179,108.834471,9814.0,1.0,VIBRATE_MODE,Depressed

-1.283292,4.0222588,6.9719152,347.41998,-28.07,-6.08,-0.027680922,-0.13521066,-0.46738172,11.5625,10.9375,-43.8125,-0.9781,4.5787,8.6167,-0.3461,-0.6967,-1.4566,34.125179,108.834471,9814.0,1.0,VIBRATE_MODE,Depressed

-1.1300632,4.3861775,6.8665705,347.41998,-28.07,-6.08,0.03832743,-0.07346091,-0.40350267,11.5625,10.9375,-43.8125,-1.0393,4.5896997,8.6037,-0.2267,-0.4429,-1.5907999,34.125179,108.834471,9814.0,1.0,VIBRATE_MODE,Depressed

-1.1492168,4.7022123,7.2783732,348.83,-28.48,-6.37,0.043650683,-0.46844637,-0.42160174,11.375,11.375,-44.25,-1.1195999,4.6478,8.5623,-0.0981,0.0782,-1.5695,34.125179,108.834471,9814.0,1.0,VIBRATE_MODE,Depressed
-1.1492168,4.7022123,7.2783732,348.83,-28.48,-6.37,0.043650683,-0.46844637,-0.42160174,11.375,11.375,-44.25,-1.1195999,4.6478,8.5623,-0.0981,0.0782,-1.5695,34.125179,108.834471,9814.0,1.0,VIBRATE_MODE,Depressed

-1.1587936,4.4723687,7.872135,349.66998,-28.599998,-5.97,0.09688323,-0.46738172,-0.60472167,10.875,11.375,-44.25,-1.0888,4.6477,8.5664,0.018299999,0.17629999,-0.936,34.125179,108.834471,9814.0,1.0,VIBRATE_MODE,Depressed


-0.58418524,2.6527755,7.73806,252.64,-38.399998,14.12,0.5280668,0.6057863,0.5344547,-14.9375,-39.0625,-24.9375,2.5414999,5.98,7.345,-2.6467,-2.6729999,1.4240999,34.125179,108.834471,5494.0,0.1000,VIBRATE_MODE,Peace

-0.58418524,2.6527755,7.73806,252.64,-38.399998,14.12,0.5280668,0.6057863,0.5344547,-14.9375,-39.0625,-24.9375,2.5414999,5.98,7.345,-2.6467,-2.6729999,1.4240999,34.125179,108.834471,5494.0,0.1000,VIBRATE_MODE,Peace

-1.0055647,2.5761611,7.038953,251.29999,-39.51,15.299999,0.25445154,0.49080405,0.6260147,-15.3125,-39.5,-24.125,2.3927999,5.9075,7.4528,-2.7803,-3.2368999,0.46159998,34.125179,108.834471,5494.0,0.1000,VIBRATE_MODE,Peace

-1.0055647,2.5761611,7.038953,251.29999,-39.51,15.299999,0.25445154,0.49080405,0.6260147,-15.3125,-39.5,-24.125,2.3927999,5.9075,7.4528,-3.616,-3.5554998,-0.23349999,34.125179,108.834471,5494.0,0.1000,VIBRATE_MODE,Peace

-1.0055647,2.5761611,7.038953,251.29999,-39.51,15.299999,0.25445154,0.49080405,0.6260147,-15.3125,-39.5,-24.125,2.3927999,5.9075,7.4528,-3.616,-3.5554998,-0.23349999,34.125179,108.834471,5494.0,0.1000,VIBRATE_MODE,Peace

-1.0055647,2.5761611,7.038953,251.29999,-39.51,15.299999,0.25445154,0.49080405,0.6260147,-15.3125,-39.5,-24.125,2.3927999,5.9075,7.4528,-3.616,-3.5554998,-0.23349999,34.125179,108.834471,5494.0,0.1000,VIBRATE_MODE,Peace

-1.0055647,2.5761611,7.038953,251.29999,-39.51,15.299999,0.25445154,0.49080405,0.6260147,-15.3125,-39.5,-24.125,2.3927999,5.9075,7.4528,-3.616,-3.5554998,-0.23349999,34.125179,108.834471,5494.0,0.1000,VIBRATE_MODE,Peace

-1.0055647,2.5761611,7.038953,251.29999,-39.51,15.299999,0.25445154,0.49080405,0.6260147,-15.3125,-39.5,-24.125,2.3927999,5.9075,7.4528,-3.616,-3.5554998,-0.23349999,34.125179,108.834471,5494.0,0.1000,VIBRATE_MODE,Peace

-1.0055647,2.5761611,7.038953,251.29999,-39.51,15.299999,0.25445154,0.49080405,0.6260147,-15.3125,-39.5,-24.125,2.3927999,5.9075,7.4528,-3.616,-3.5554998,-0.23349999,34.125179,108.834471,5494.0,0.1000,VIBRATE_MODE,Peace

-1.0055647,2.5761611,7.038953,251.29999,-39.51,15.299999,0.25445154,0.49080405,0.6260147,-15.3125,-39.5,-24.125,2.3927999,5.9075,7.4528,-3.616,-3.5554998,-0.23349999,34.125179,108.834471,5494.0,0.1000,VIBRATE_MODE,Peace

-0.22026655,3.1890767,7.6710224,248.15999,-38.93,15.559999,-0.007452556,0.09901253,0.54084265,-15.875,-39.6875,-23.8125,2.3699,5.8982997,7.4673996,-3.267,-3.2865,-0.6024,34.125179,108.834471,5494.0,0.1000,VIBRATE_MODE,Peace

-0.47884035,3.122039,7.4986396,245.67,-38.18,16.33,0.026616272,0.39285615,0.3034255,-16.4375,-39.6875,-23.6875,2.7582,5.8183,7.3964996,-3.1608,-2.6952999,0.17539999,34.125179,108.834471,5494.0,0.1000,VIBRATE_MODE,Peace

-0.47884035,3.122039,7.4986396,245.67,-38.18,16.33,0.026616272,0.39285615,0.3034255,-16.6875,-39.125,-23.5625,2.7582,5.8183,7.3964996,-3.1608,-2.6952999,0.17539999,34.125179,108.834471,5494.0,0.1000,VIBRATE_MODE,Peace

-0.9672575,3.3806129,6.483498,243.06,-37.629997,16.199999,0.06174975,0.25658086,0.36943385,-17.0,-39.5625,-23.25,2.5170999,5.7156,7.5607,-3.2986999,-2.7087998,-0.6677,34.125179,108.834471,5494.0,0.1000,VIBRATE_MODE,Peace

-0.9672575,3.3806129,6.483498,243.06,-37.629997,16.199999,0.06174975,0.25658086,0.36943385,-17.0,-39.5625,-23.25,2.5170999,5.7156,7.5607,-3.2986999,-2.7087998,-0.6677,34.125179,108.834471,5494.0,0.1000,VIBRATE_MODE,Peace

-0.90021986,3.7732618,6.5984197,241.98,-36.969997,14.809999,0.03939208,0.09262462,0.36517525,-17.4375,-39.3125,-23.4375,2.7361999,5.7509,7.4571996,-3.717,-2.5386999,-1.0726,34.125179,108.834471,5494.0,0.1000,VIBRATE_MODE,Peace

-0.90021986,3.7732618,6.5984197,241.98,-36.969997,14.809999,0.03939208,0.09262462,0.36517525,-17.4375,-39.3125,-23.4375,2.7361999,5.7509,7.4571996,-3.717,-2.5386999,-1.0726,34.125179,108.834471,5494.0,0.1000,VIBRATE_MODE,Peace

-0.79487497,4.0318356,6.9144545,240.87,-37.5,16.46,0.03939208,0.09262462,0.36517525,-17.875,-39.75,-23.3125,2.5074,5.7022,7.574,-3.4457,-2.1362998,-1.1715,34.125179,108.834471,6317.0,0.1000,VIBRATE_MODE,Peace
-0.79487497,4.0318356,6.9144545,240.87,-37.5,16.46,0.03939208,0.09262462,0.36517525,-17.875,-39.75,-23.3125,2.5074,5.7022,7.574,-3.4457,-2.1362998,-1.1715,34.125179,108.834471,6317.0,0.1000,VIBRATE_MODE,Peace

-0.6799533,4.175488,7.335834,240.87,-37.5,16.46,0.014905112,-0.03939208,0.30129617,-17.875,-39.75,-23.3125,2.779,5.7251997,7.4610996,-3.633,-1.8162999,-0.7334,34.125179,108.834471,6317.0,0.1000,VIBRATE_MODE,Peace

-0.641646,4.453215,7.2687964,240.06,-36.88,15.38,0.005323254,-0.022357667,0.22251202,-17.75,-39.875,-23.6875,2.6013,5.6752996,7.5625997,-3.3449,-1.648,-0.4342,34.125179,108.834471,6317.0,0.1000,VIBRATE_MODE,Peace

-0.641646,4.453215,7.2687964,239.22,-37.399998,16.96,-0.070266955,0.08304276,0.11391764,-17.75,-39.875,-23.6875,2.6013,5.6752996,7.5625997,-3.3449,-1.648,-0.4342,34.125179,108.834471,6317.0,0.1000,VIBRATE_MODE,Peace

-0.641646,4.453215,7.2687964,239.22,-37.399998,16.96,-0.070266955,0.08304276,0.11391764,-17.75,-39.875,-23.6875,2.6013,5.6752996,7.5625997,-3.3449,-1.648,-0.4342,34.125179,108.834471,6317.0,0.1000,VIBRATE_MODE,Peace

-0.8810662,4.3382936,7.28795,238.56999,-36.82,15.58,-0.20334831,0.056426495,0.036198128,-17.4375,-39.75,-23.6875,2.8611,5.6972,7.4515,-3.5298998,-1.3368,-0.2529,34.125179,108.834471,6317.0,0.1000,VIBRATE_MODE,Peace

-0.8810662,4.3382936,7.28795,238.56999,-36.82,15.58,-0.20334831,0.056426495,0.036198128,-17.4375,-39.75,-23.6875,2.8611,5.6972,7.4515,-3.5298998,-1.3368,-0.2529,34.125179,108.834471,6317.0,0.1000,VIBRATE_MODE,Peace

-0.8810662,4.3382936,7.28795,238.56999,-36.82,15.58,-0.20334831,0.056426495,0.036198128,-17.4375,-39.75,-23.6875,2.8611,5.6972,7.4515,-3.5298998,-1.3368,-0.2529,34.125179,108.834471,6317.0,0.1000,VIBRATE_MODE,Peace

-1.2545617,4.4244847,7.9391727,237.86,-37.11,16.92,-0.23741713,0.036198128,0.013840461,-17.3125,-39.75,-23.875,2.8546,5.6605997,7.4817996,-3.9352,-1.3977,0.039899997,34.125179,108.834471,6317.0,0.1000,VIBRATE_MODE,Peace

-1.2545617,4.4244847,7.9391727,237.28,-36.26,15.389999,-0.23741713,0.036198128,0.013840461,-17.4375,-39.0,-24.4375,2.8546,5.6605997,7.4817996,-3.9352,-1.3977,0.039899997,34.125179,108.834471,6317.0,0.1000,VIBRATE_MODE,Peace

-1.3120226,4.6926355,8.111555,236.65,-36.559998,16.71,-0.0606851,0.071331605,0.0649437,-17.25,-38.875,-24.6875,2.6037,5.593,7.6228,-3.8669999,-1.2802,0.1911,34.125179,108.834471,6317.0,0.1000,VIBRATE_MODE,Peace

-1.3120226,4.6926355,8.111555,236.65,-36.559998,16.71,-0.0606851,0.071331605,0.0649437,-17.25,-38.875,-24.6875,2.8200998,5.5948,7.5441,-4.1748,-1.0761,0.41799998,34.125179,108.834471,6317.0,0.1000,VIBRATE_MODE,Peace

-1.3120226,4.6926355,8.111555,236.65,-36.559998,16.71,-0.0606851,0.071331605,0.0649437,-17.25,-38.875,-24.6875,2.8200998,5.5948,7.5441,-4.1748,-1.0761,0.41799998,34.125179,108.834471,6317.0,0.1000,VIBRATE_MODE,Peace

-1.2641385,4.912902,8.130709,236.09999,-36.05,15.19,0.031939525,0.085172065,0.046844635,-17.4375,-38.75,-24.5625,2.5709,5.5692997,7.6513,-3.8925998,-0.7952,0.34849998,34.125179,108.834471,6317.0,0.1000,VIBRATE_MODE,Peace

-1.2162545,5.104438,8.149862,235.40999,-36.51,16.51,0.11391764,-0.02555162,-0.019163715,-17.6875,-38.3125,-24.5625,2.5709,5.5692997,7.6513,-3.8925998,-0.7952,0.34849998,34.125179,108.834471,6317.0,0.1000,VIBRATE_MODE,Peace

-1.2162545,5.104438,8.149862,235.40999,-36.51,16.51,0.11391764,-0.02555162,-0.019163715,-17.6875,-38.3125,-24.5625,2.5709,5.5692997,7.6513,-3.8925998,-0.7952,0.34849998,34.125179,108.834471,6317.0,0.1000,VIBRATE_MODE,Peace

-1.2545617,5.1810527,8.0445175,235.08,-36.36,15.07,0.11391764,-0.02555162,-0.019163715,-17.9375,-38.5625,-24.0,2.7879999,5.5945997,7.5562,-4.0344,-0.6149,0.4646,34.125179,108.834471,6317.0,0.1000,VIBRATE_MODE,Peace

-1.2545617,5.1810527,8.0445175,235.08,-36.36,15.07,0.11391764,-0.02555162,-0.019163715,-17.9375,-38.5625,-24.0,2.7879999,5.5945997,7.5562,-4.0344,-0.6149,0.4646,34.125179,108.834471,6317.0,0.1000,VIBRATE_MODE,Peace

-1.388637,5.209783,7.97748,235.08,-36.36,15.07,0.15224507,-0.10965904,-0.08091346,-17.6875,-38.6875,-23.5625,2.5498998,5.6145,7.6253,-3.8125,-0.4978,0.3161,34.125179,108.834471,6317.0,0.1000,VIBRATE_MODE,Peace

-1.388637,5.209783,7.97748,234.56,-37.02,16.5,0.11604694,-0.17247343,-0.07559021,-17.6875,-38.6875,-23.5625,2.7863998,5.6622,7.5063,-4.1897,-0.5854,0.3681,34.125179,108.834471,6317.0,0.1000,VIBRATE_MODE,Peace

-1.388637,5.209783,7.97748,234.56,-37.02,16.5,0.11604694,-0.17247343,-0.07559021,-17.6875,-38.6875,-23.5625,2.7863998,5.6622,7.5063,-4.1897,-0.5854,0.3681,34.125179,108.834471,6317.0,0.1000,VIBRATE_MODE,Peace

-1.292869,5.410896,8.226477,234.37999,-36.899998,15.12,0.06600835,-0.15863298,-0.069202304,-17.8125,-38.75,-23.6875,2.7863998,5.6622,7.5063,-4.1897,-0.5854,0.3681,34.125179,108.834471,6317.0,0.1000,VIBRATE_MODE,Peace

-1.292869,5.410896,8.226477,234.37999,-36.899998,15.12,0.06600835,-0.15863298,-0.069202304,-17.8125,-38.75,-23.6875,2.7863998,5.6622,7.5063,-4.1897,-0.5854,0.3681,34.125179,108.834471,6317.0,0.1000,VIBRATE_MODE,Peace

-1.1492168,5.592855,8.475474,233.90999,-37.45,16.6,-0.015969763,-0.13840461,-0.15330972,-17.9375,-39.0,-23.5625,2.5582,5.6843,7.5705,-3.9287999,-0.4608,0.46969998,34.125179,108.834471,6317.0,0.1000,VIBRATE_MODE,Peace

-1.1492168,5.592855,8.475474,233.90999,-37.45,16.6,-0.015969763,-0.13840461,-0.15330972,-17.9375,-39.0,-23.5625,2.5582,5.6843,7.5705,-3.9287999,-0.4608,0.46969998,34.125179,108.834471,6317.0,0.1000,VIBRATE_MODE,Peace

-1.0821792,5.4300494,8.887277,233.70999,-37.1,15.23,-0.055361845,-0.14692181,-0.17460273,-18.125,-39.5,-23.6875,2.8016999,5.7152,7.4603,-4.0483,-0.2175,0.8463,34.125179,108.834471,6317.0,0.1000,VIBRATE_MODE,Peace

-1.0630256,5.2863975,9.251195,233.70999,-37.1,15.23,-0.055361845,-0.14692181,-0.17460273,-18.125,-39.5,-23.6875,2.5769,5.7075996,7.5467,-3.6829,-0.3275,1.1116999,34.125179,108.834471,6317.0,0.1000,VIBRATE_MODE,Peace

-1.0630256,5.2863975,9.251195,233.34999,-37.53,16.59,-0.055361845,-0.14692181,-0.17460273,-17.6875,-39.4375,-23.6875,2.5769,5.7075996,7.5467,-3.6829,-0.3275,1.1116999,34.125179,108.834471,6317.0,0.1000,VIBRATE_MODE,Peace

-1.0630256,5.2863975,9.251195,233.34999,-37.53,16.59,-0.055361845,-0.14692181,-0.17460273,-17.6875,-39.4375,-23.6875,2.5769,5.7075996,7.5467,-3.6829,-0.3275,1.1116999,34.125179,108.834471,6317.0,0.1000,VIBRATE_MODE,Peace

-1.0726024,5.161899,9.394848,233.06999,-36.93,15.24,-0.017034413,-0.22889993,-0.16289158,-17.875,-39.75,-23.4375,2.8002,5.7263,7.4522996,-3.8801,-0.50339997,1.5800999,34.125179,108.834471,6317.0,0.1000,VIBRATE_MODE,Peace

-1.0726024,5.161899,9.394848,233.06999,-36.93,15.24,-0.017034413,-0.22889993,-0.16289158,-17.875,-39.75,-23.4375,2.5788,5.6853,7.5628,-3.6947,-0.57949996,1.6935999,34.125179,108.834471,6317.0,0.1000,VIBRATE_MODE,Peace

-1.0726024,5.161899,9.394848,233.06999,-36.93,15.24,-0.017034413,-0.22889993,-0.16289158,-17.875,-39.75,-23.4375,2.5788,5.6853,7.5628,-3.6947,-0.57949996,1.6935999,34.125179,108.834471,6317.0,0.1000,VIBRATE_MODE,Peace

-1.0726024,5.161899,9.394848,233.06999,-36.93,15.24,-0.017034413,-0.22889993,-0.16289158,-17.875,-39.75,-23.4375,2.5788,5.6853,7.5628,-3.6947,-0.57949996,1.6935999,34.125179,108.834471,6317.0,0.1000,VIBRATE_MODE,Peace

-0.89064306,5.2480903,9.461885,232.4,-37.0,15.509999,0.201219,-0.28639108,0.02555162,-17.5625,-39.875,-22.6875,2.8153,5.7113,7.4581,-3.8658998,-0.7334,1.9075999,34.125179,108.834471,6017.0,0.1000,VIBRATE_MODE,Peace

-0.89064306,5.2480903,9.461885,232.4,-37.0,15.509999,0.201219,-0.28639108,0.02555162,-17.5625,-39.875,-22.6875,2.8153,5.7113,7.4581,-3.8658998,-0.7334,1.9075999,34.125179,108.834471,6017.0,0.1000,VIBRATE_MODE,Peace

-0.6607997,5.9184666,9.394848,231.87999,-37.739998,17.14,0.28213248,-0.1362753,0.1820553,-17.4375,-40.0,-22.3125,2.6236,5.6868,7.5463,-3.6028,-0.5908,1.8182,34.125179,108.834471,6017.0,0.1000,VIBRATE_MODE,Peace

-0.6607997,5.9184666,9.394848,231.87999,-37.739998,17.14,0.28213248,-0.1362753,0.1820553,-17.4375,-40.0,-22.3125,2.6236,5.6868,7.5463,-3.6028,-0.5908,1.8182,34.125179,108.834471,6017.0,0.1000,VIBRATE_MODE,Peace

-0.18195933,6.540959,9.078813,231.44,-37.8,16.18,0.22996458,0.2448697,0.246999,-17.5625,-39.875,-22.125,2.8916,5.7356,7.4101996,-3.6197,-0.1892,1.9267999,34.125179,108.834471,6017.0,0.1000,VIBRATE_MODE,Peace

-0.18195933,6.540959,9.078813,231.44,-37.8,16.18,0.22996458,0.2448697,0.246999,-17.5625,-39.875,-22.125,2.8916,5.7356,7.4101996,-3.6197,-0.1892,1.9267999,34.125179,108.834471,6017.0,0.1000,VIBRATE_MODE,Peace

-0.18195933,6.540959,9.078813,231.44,-37.8,16.18,0.22996458,0.2448697,0.246999,-17.5625,-39.875,-22.125,2.7333,5.7728996,7.4412,-3.1648998,0.6457,1.6697999,34.125179,108.834471,6017.0,0.1000,VIBRATE_MODE,Peace

-0.18195933,6.540959,9.078813,231.44,-37.8,16.18,0.22996458,0.2448697,0.246999,-17.5625,-39.875,-22.125,2.7333,5.7728996,7.4412,-3.1648998,0.6457,1.6697999,34.125179,108.834471,6017.0,0.1000,VIBRATE_MODE,Peace

0.17238252,6.3781533,8.848969,230.33,-38.36,17.44,0.036198128,0.32791245,0.057491146,-17.6875,-39.6875,-21.6875,2.9406998,5.8059998,7.3357,-2.8555999,0.5435,1.3944,34.125179,108.834471,6017.0,0.0,VIBRATE_MODE,Peace

-1.733402,5.7843914,7.431602,202.45999,-38.05,-10.24,0.007452556,0.029810224,0.0010646508,14.0,-30.8125,1.0,-1.7445999,5.948,7.5990996,0.0568,-0.0678,0.0162,34.125179,108.834471,6.0,5.0,VIBRATE_MODE,Angry

-1.7046716,5.813122,7.374141,202.45999,-38.07,-10.3,0.02555162,0.0010646508,0.013840461,14.3125,-30.75,0.875,-1.7543,5.9498997,7.5954,-0.0219,-0.0795,-0.078099996,34.125179,108.834471,6.0,5.0,VIBRATE_MODE,Angry

-1.7238252,5.841852,7.3071036,202.54,-38.09,-10.32,0.022357667,0.011711159,0.006387905,14.5625,-31.0625,0.3125,-1.7576,5.9519997,7.593,0.030299999,-0.0423,-0.0954,34.125179,108.834471,6.0,5.0,VIBRATE_MODE,Angry

-1.6759412,5.851429,7.2687964,202.51999,-38.149998,-10.33,-0.0021293017,0.014905112,-0.010646508,14.125,-31.375,0.4375,-1.7588999,5.9596,7.5867,0.012,-0.020399999,-0.148,34.125179,108.834471,6.0,5.0,VIBRATE_MODE,Angry
-1.733402,5.8322754,7.28795,202.5,-38.149998,-10.34,-0.029810224,0.01277581,-0.022357667,13.6875,-31.125,-0.1875,-1.7608,5.9596,7.5863,0.0629,-0.0105,-0.18689999,34.125179,108.834471,6.0,5.0,VIBRATE_MODE,Angry

-1.733402,5.8322754,7.28795,202.5,-38.149998,-10.34,-0.029810224,0.01277581,-0.022357667,13.6875,-31.125,-0.1875,-1.7608,5.9596,7.5863,0.0629,-0.0105,-0.18689999,34.125179,108.834471,6.0,5.0,VIBRATE_MODE,Angry

-1.8004397,5.7748146,7.3549876,202.43,-38.12,-10.349999,-0.011711159,-0.021293016,-0.013840461,13.0,-31.0,-0.3125,-1.7633,5.956,7.5885,-0.0523,-0.1149,-0.1498,34.125179,108.834471,6.0,5.0,VIBRATE_MODE,Angry

-1.7525556,5.7843914,7.489063,202.39,-38.09,-10.389999,-0.0042586033,-0.009581857,0.017034413,13.8125,-31.375,0.125,-1.7698,5.9516,7.5903997,-0.0655,-0.1008,-0.0635,34.125179,108.834471,6.0,5.0,VIBRATE_MODE,Angry

-1.685518,5.813122,7.517793,202.39,-38.09,-10.37,-0.013840461,0.0,0.015969763,14.0,-31.5625,0.125,-1.7665,5.9514,7.5913997,-0.0098,-0.0712,0.023799999,34.125179,108.834471,6.0,5.0,VIBRATE_MODE,Angry

-1.7238252,5.851429,7.52737,202.37999,-38.05,-10.34,-0.010646508,0.010646508,0.007452556,13.9375,-31.6875,0.125,-1.7603999,5.9473996,7.5959997,0.052699998,-0.0378,0.048699997,34.125179,108.834471,6.0,5.0,VIBRATE_MODE,Angry

-1.733402,5.8322754,7.441179,202.31,-38.05,-10.32,-0.0031939526,0.010646508,0.0042586033,13.6875,-31.875,0.0,-1.7579,5.9473,7.5965996,0.011,0.0014,0.0579,34.125179,108.834471,6.0,5.0,VIBRATE_MODE,Angry

-1.6280571,5.813122,7.335834,202.3,-38.05,-10.33,-0.011711159,0.015969763,0.006387905,13.5625,-31.5625,0.125,-1.7592,5.9470997,7.5964,0.0025,-0.018,-0.0301,34.125179,108.834471,6.0,5.0,VIBRATE_MODE,Angry

-1.6376339,5.841852,7.374141,202.26,-38.04,-10.33,-0.019163715,0.006387905,0.0,13.6875,-31.25,0.125,-1.7597,5.9459996,7.5972,0.100999996,-0.0365,-0.12889999,34.125179,108.834471,6.0,5.0,VIBRATE_MODE,Angry

-1.6663644,5.851429,7.326257,202.33,-38.03,-10.32,-0.0010646508,-0.0010646508,-0.007452556,14.125,-30.9375,0.5625,-1.7572999,5.9449,7.5986996,0.0398,0.0037999998,-0.061699998,34.125179,108.834471,7.0,5.0,VIBRATE_MODE,Angry

-1.6663644,5.851429,7.326257,202.34999,-38.07,-10.29,-0.0010646508,-0.0010646508,-0.007452556,14.125,-30.9375,0.5625,-1.7572999,5.9449,7.5986996,0.0398,0.0037999998,-0.061699998,34.125179,108.834471,7.0,5.0,VIBRATE_MODE,Angry

-1.6663644,5.861006,7.2687964,202.34999,-38.07,-10.29,-0.02448697,-0.005323254,-0.023422318,14.125,-30.9375,0.5625,-1.7533,5.9498997,7.5955997,0.065299995,-9.999999E-4,-0.1372,34.125179,108.834471,7.0,5.0,VIBRATE_MODE,Angry
-1.6663644,5.861006,7.2687964,202.45999,-38.02,-10.33,-0.02448697,-0.005323254,-0.023422318,14.4375,-31.0625,0.4375,-1.7533,5.9498997,7.5955997,0.065299995,-9.999999E-4,-0.1372,34.125179,108.834471,7.0,5.0,VIBRATE_MODE,Angry

-1.7238252,5.803545,7.335834,202.45999,-38.02,-10.33,-0.04045673,-0.0042586033,-0.02448697,14.4375,-31.0625,0.4375,-1.7594999,5.9433,7.5993,0.0714,0.0150999995,-0.1997,34.125179,108.834471,7.0,5.0,VIBRATE_MODE,Angry

-1.7429788,5.793968,7.3645644,202.48,-37.989998,-10.349999,-0.033004176,-0.011711159,-0.021293016,14.0,-31.5625,0.125,-1.7594999,5.9433,7.5993,0.015,-0.0394,-0.1338,34.125179,108.834471,7.0,5.0,VIBRATE_MODE,Angry

-1.7429788,5.765238,7.4507556,202.51999,-37.95,-10.349999,-0.021293016,-0.03832743,-0.021293016,14.125,-31.5,0.125,-1.7631999,5.933,7.6066,-0.0033999998,-0.0433,-0.118499994,34.125179,108.834471,7.0,5.0,VIBRATE_MODE,Angry

-1.6472107,5.793968,7.422025,202.64,-37.85,-10.34,-0.029810224,-0.03726278,-0.02448697,14.125,-31.375,-0.875,-1.7615,5.9269,7.6116996,-0.005,-0.0668,-0.035299998,34.125179,108.834471,7.0,5.0,VIBRATE_MODE,Angry
-1.6567876,5.841852,7.393295,202.70999,-37.79,-10.3,-0.11711159,-0.010646508,-0.07878416,13.5625,-31.125,-1.1875,-1.7544999,5.9122,7.6246996,0.0861,-0.0229,-0.0775,34.125179,108.834471,7.0,5.0,VIBRATE_MODE,Angry

-1.6567876,5.841852,7.393295,202.79,-37.64,-10.349999,-0.11711159,-0.010646508,-0.07878416,13.6875,-30.5625,-1.0,-1.7544999,5.9122,7.6246996,0.0861,-0.0229,-0.0775,34.125179,108.834471,7.0,5.0,VIBRATE_MODE,Angry

-1.7525556,5.7365074,7.6614456,202.79,-37.64,-10.349999,-0.14266321,-0.036198128,-0.09262462,13.6875,-30.5625,-1.0,-1.7621,5.8915997,7.6389,0.0837,0.046299998,-0.1209,34.125179,108.834471,7.0,5.0,VIBRATE_MODE,Angry

-1.7525556,5.7365074,7.6614456,202.79,-37.64,-10.349999,-0.14266321,-0.036198128,-0.09262462,13.6875,-30.5625,-1.0,-1.7621,5.8915997,7.6389,0.0837,0.046299998,-0.1209,34.125179,108.834471,7.0,5.0,VIBRATE_MODE,Angry

-1.8004397,5.6215854,7.967903,202.9,-37.41,-10.38,-0.067073,-0.028745573,-0.087301366,13.25,-30.875,-1.4375,-1.7675999,5.8606997,7.6614,-0.0088,-0.0311,0.13149999,34.125179,108.834471,7.0,5.0,VIBRATE_MODE,Angry

-1.8004397,5.6215854,7.967903,202.9,-37.41,-10.38,-0.067073,-0.028745573,-0.087301366,13.25,-30.875,-1.4375,-1.7675999,5.8606997,7.6614,-0.0088,-0.0311,0.13149999,34.125179,108.834471,7.0,5.0,VIBRATE_MODE,Angry
-1.8962077,5.6120086,7.651869,203.04,-37.2,-10.48,0.07452556,-0.015969763,-0.055361845,13.4375,-30.25,-1.75,-1.7843,5.831,7.6801996,-0.1003,-0.14899999,0.39749998,34.125179,108.834471,7.0,5.0,VIBRATE_MODE,Angry

-1.7238252,5.841852,7.3645644,203.11,-37.27,-10.5,0.09794788,-0.06174975,-0.054297194,13.75,-30.25,-1.3125,-1.7883999,5.8403,7.6720996,-0.1355,-0.1287,0.1112,34.125179,108.834471,7.0,5.0,VIBRATE_MODE,Angry

-1.6184803,5.8801594,7.3071036,203.2,-37.44,-10.469999,0.069202304,-0.09155997,-0.09901253,13.875,-30.375,-1.5625,-1.7823,5.8627996,7.6562996,0.0349,0.074599996,-0.1674,34.125179,108.834471,7.0,5.0,VIBRATE_MODE,Angry

-1.7046716,5.803545,7.3549876,203.37,-37.489998,-10.45,0.034068827,-0.11604694,-0.1362753,13.875,-30.25,-1.4375,-1.7801,5.8697,7.6516,0.1309,0.107099995,-0.2118,34.125179,108.834471,7.0,5.0,VIBRATE_MODE,Angry

-1.7046716,5.803545,7.3549876,203.37,-37.489998,-10.45,0.034068827,-0.11604694,-0.1362753,13.6875,-30.5625,-0.875,-1.7801,5.8697,7.6516,0.1309,0.107099995,-0.2118,34.125179,108.834471,7.0,5.0,VIBRATE_MODE,Angry

-2.480393,5.602432,7.422025,203.58,-37.54,-10.42,-0.018099064,-0.069202304,-0.12882276,13.6875,-30.5625,-0.875,-1.7751,5.877,7.6471996,0.0475,0.021499999,-0.1584,34.125179,108.834471,7.0,5.0,VIBRATE_MODE,Angry

-2.480393,5.602432,7.422025,203.58,-37.54,-10.42,-0.018099064,-0.069202304,-0.12882276,13.6875,-30.5625,-0.875,-1.7751,5.877,7.6471996,0.0475,0.021499999,-0.1584,34.125179,108.834471,7.0,5.0,VIBRATE_MODE,Angry

-0.842759,5.5737014,7.1730285,203.73,-37.489998,-10.44,-0.07559021,0.020228365,0.09049532,14.0,-30.5,-0.875,-1.7784,5.8701,7.6517,-0.7238,-0.1678,-0.103999995,34.125179,108.834471,7.0,5.0,VIBRATE_MODE,Angry

-1.484405,5.6120086,7.565677,203.76,-37.48,-10.0,-0.11711159,0.054297194,-0.10859439,14.0,-30.5,-1.0,-1.7032,5.8778,7.6629,0.8398,-0.2048,-0.3602,34.125179,108.834471,7.0,5.0,VIBRATE_MODE,Angry

-1.484405,5.6120086,7.565677,203.76,-37.48,-10.0,-0.11711159,0.054297194,-0.10859439,14.0,-30.5,-1.0,-1.7032,5.8778,7.6629,0.8398,-0.2048,-0.3602,34.125179,108.834471,7.0,0.0,VIBRATE_MODE,Angry

-2.0111294,5.650316,7.565677,203.78,-37.34,-10.12,-0.072396256,0.14053391,-0.17460273,14.0,-30.9375,-0.4375,-1.7231,5.8559,7.6752,0.2121,-0.1441,0.0199,34.125179,108.834471,7.0,0.0,VIBRATE_MODE,Angry

-2.0111294,5.6886234,7.8050976,204.06999,-37.309998,-10.76,0.120305546,-0.09581858,-0.15650368,14.3125,-30.625,0.5625,-1.8319,5.8399,7.6622,-0.0143,0.0383,0.0131,34.125179,108.834471,7.0,0.0,VIBRATE_MODE,Angry

-2.030283,5.602432,8.0445175,204.26,-37.32,-10.87,0.20441297,-0.055361845,-0.12669346,14.1875,-30.1875,0.125,-1.8497,5.8387,7.6587996,-0.1929,-0.048699997,0.2714,34.125179,108.834471,7.0,0.0,VIBRATE_MODE,Angry

-2.030283,5.602432,8.0445175,204.26,-37.32,-10.87,0.20441297,-0.055361845,-0.12669346,14.1875,-30.1875,0.125,-1.8497,5.8387,7.6587996,-0.1929,-0.048699997,0.2714,34.125179,108.834471,7.0,0.0,VIBRATE_MODE,Angry

-2.030283,5.602432,8.0445175,204.34999,-37.53,-10.88,0.20441297,-0.055361845,-0.12669346,14.0625,-30.0625,0.125,-1.8497,5.8387,7.6587996,-0.1929,-0.048699997,0.2714,34.125179,108.834471,7.0,0.0,VIBRATE_MODE,Angry

-2.1930888,5.363012,7.2209125,204.33,-37.6,-11.12,0.25764552,0.26190412,-0.007452556,14.1875,-30.0625,0.125,-1.892,5.8722997,7.6226997,-0.1318,-0.36609998,0.32639998,34.125179,108.834471,7.0,0.0,VIBRATE_MODE,Angry

-2.4995465,5.6982,6.799533,204.04,-37.95,-11.33,0.38753292,-0.056426495,0.031939525,14.0,-30.5,0.3125,-1.9273,5.9136996,7.5818,-0.2932,-0.4558,-0.2314,34.125179,108.834471,7.0,0.0,VIBRATE_MODE,Angry

-1.8866309,5.995081,6.9527617,204.01,-38.719997,-11.309999,0.08304276,-0.120305546,0.030874874,14.4375,-30.1875,0.5625,-1.9233999,6.0158,7.5018997,0.1344,-0.036399998,-0.4276,34.125179,108.834471,7.0,0.0,VIBRATE_MODE,Angry

-1.9153614,5.861006,7.3645644,204.12,-38.95,-11.08,0.1820553,-0.17460273,0.070266955,14.75,-30.4375,1.125,-1.8849,6.0505,7.4838,-0.1583,-0.1784,0.100099996,34.125179,108.834471,7.0,0.0,VIBRATE_MODE,Angry
-1.6472107,5.985504,7.28795,204.29,-39.329998,-10.74,0.13733996,-0.031939525,0.04897394,15.125,-30.4375,1.1875,-1.8283999,6.1064,7.4523997,0.15869999,0.0903,-0.0063,34.125179,108.834471,7.0,0.0,VIBRATE_MODE,Angry

-1.8579005,5.861006,7.086837,204.29,-39.489998,-10.61,0.07346091,0.11178834,0.044715334,14.875,-30.625,1.125,-1.8068999,6.1298,7.4384,0.13759999,-0.0405,-0.022,34.125179,108.834471,7.0,0.0,VIBRATE_MODE,Angry

-1.9440918,5.899313,7.038953,204.19,-39.59,-10.69,0.03832743,0.09262462,0.072396256,14.875,-30.625,1.125,-1.8190999,6.1417,7.4255996,-0.066,-0.1797,-0.2153,34.125179,108.834471,7.0,0.0,VIBRATE_MODE,Angry

-1.6663644,6.14831,7.1347213,203.87,-39.82,-10.7,0.03832743,-0.030874874,0.09155997,14.3125,-30.0625,0.875,-1.821,6.1717,7.4002,0.024,-0.111099996,-0.259,34.125179,108.834471,7.0,0.0,VIBRATE_MODE,Angry
-1.6280571,6.1866174,7.07726,203.81,-39.98,-10.46,0.017034413,-0.009581857,0.059620447,14.3125,-29.875,0.3125,-1.7818999,6.1960998,7.3893,0.1523,0.021699999,-0.1502,34.125179,108.834471,7.0,0.0,VIBRATE_MODE,Angry

-1.4460979,6.3302693,7.144298,203.81,-40.0,-10.429999,-0.029810224,-0.03726278,0.031939525,14.0625,-29.75,0.125,-1.7758,6.1994,7.388,0.116799995,0.0871,-0.1882,34.125179,108.834471,7.0,0.0,VIBRATE_MODE,Angry

-1.4077905,6.1770406,7.249643,203.84999,-40.079998,-10.219999,-0.055361845,0.007452556,-0.023422318,14.0625,-29.75,0.125,-1.7411,6.2138996,7.3841,0.26909998,0.22,-0.1157,34.125179,108.834471,7.0,0.0,VIBRATE_MODE,Angry

-1.4077905,6.1770406,7.249643,203.84999,-40.079998,-10.219999,-0.055361845,0.007452556,-0.023422318,14.1875,-29.625,0.5625,-1.7411,6.2138996,7.3841,0.26909998,0.22,-0.1157,34.125179,108.834471,7.0,0.0,VIBRATE_MODE,Angry

-1.7717092,6.0238113,7.2304893,203.92,-40.0,-10.26,-0.02448697,0.007452556,-0.030874874,14.1875,-29.625,0.5625,-1.7477,6.2036,7.3911996,0.3148,0.073199995,-0.0148,34.125179,108.834471,7.0,0.0,VIBRATE_MODE,Angry
-1.7621324,6.0142345,7.2304893,203.93,-39.96,-10.32,0.015969763,-0.030874874,0.011711159,14.1875,-29.625,0.4375,-1.7571,6.1965,7.3949,-0.0387,-0.0668,-0.038,34.125179,108.834471,7.0,0.0,VIBRATE_MODE,Angry

